-5.000000000000e+00 4.504734100682e-01
-6.000000000000e+00 6.411671447116e-01
-7.000000000000e+00 -1.275094951158e-02
-8.000000000000e+00 3.036735373729e-01
-9.000000000000e+00 9.167650581924e-01
-1.000000000000e+01 9.764086157129e-01
-1.100000000000e+01 4.088494762064e-01
-1.200000000000e+01 2.771017015466e-02
-1.300000000000e+01 1.435756446369e-01
-1.400000000000e+01 -3.255686494969e-01
-1.500000000000e+01 -3.263019869341e-01
-1.600000000000e+01 3.025945578295e-01
-1.700000000000e+01 1.376017063648e-01
-1.800000000000e+01 5.013399285975e-01
-1.900000000000e+01 1.880761045142e-01
-2.000000000000e+01 4.382389429344e-01
-2.100000000000e+01 6.157200609834e-01
-2.200000000000e+01 6.296188653545e-01
-2.300000000000e+01 5.969912392931e-01
-2.400000000000e+01 3.735439935725e-01
-2.500000000000e+01 1.185624690103e+00
-2.600000000000e+01 1.162458917519e+00
-2.700000000000e+01 1.159500421284e+00
-2.800000000000e+01 9.138017401806e-01
-2.900000000000e+01 1.054960133116e+00
-3.000000000000e+01 1.098173269934e+00
-3.100000000000e+01 7.525833487341e-01
-3.200000000000e+01 8.995524108905e-01
-3.300000000000e+01 1.101442190988e+00
-3.400000000000e+01 1.323763124399e+00
-3.500000000000e+01 5.533506732554e-01
-3.600000000000e+01 3.188159331117e-01
-3.700000000000e+01 3.035376731087e-01
-3.800000000000e+01 6.045260296900e-01
-3.900000000000e+01 1.380258976692e+00
-4.000000000000e+01 8.221728295785e-01
-4.100000000000e+01 3.692509025482e-01
-4.200000000000e+01 8.415359896778e-01
-4.300000000000e+01 1.351748233150e+00
-4.400000000000e+01 7.622992915784e-01
-4.500000000000e+01 9.317330154463e-01
-4.600000000000e+01 2.040005345918e+00
-4.700000000000e+01 4.953867117620e-01
-4.800000000000e+01 1.465157906505e+00
-4.900000000000e+01 3.091360315289e-01
-5.000000000000e+01 9.829660501063e-02
-5.100000000000e+01 1.322867372403e+00
-5.200000000000e+01 2.953980853197e-01
-5.300000000000e+01 1.634987138205e+00
-5.400000000000e+01 1.787418053648e+00
-5.500000000000e+01 1.922444061038e+00
-5.600000000000e+01 2.349374867449e+00
-5.700000000000e+01 2.710617804529e+00
-5.800000000000e+01 2.150941508414e+00
-5.900000000000e+01 1.180131891991e+00
-6.000000000000e+01 1.229553647268e+00
-6.100000000000e+01 9.717666477189e-01
-6.200000000000e+01 7.201122168207e-01
-6.300000000000e+01 1.992266177391e-01
-6.400000000000e+01 1.142277295008e-02
-6.500000000000e+01 7.198639868284e-01
-6.600000000000e+01 1.078253347113e+00
-6.700000000000e+01 9.179657418432e-01
-6.800000000000e+01 5.705030788553e-01
-6.900000000000e+01 8.736649584890e-01
-7.000000000000e+01 5.671842310414e-01
-7.100000000000e+01 2.843862744940e-01
-7.200000000000e+01 3.856970398040e-01
-7.300000000000e+01 3.226942902295e-01
-7.400000000000e+01 5.603349875520e-01
-7.500000000000e+01 1.758517783720e+00
-7.600000000000e+01 1.923891845530e-01
-7.700000000000e+01 1.165702936227e+00
-7.800000000000e+01 9.097133610802e-01
-7.900000000000e+01 9.106716130788e-01
-8.000000000000e+01 7.326205181960e-01
-8.100000000000e+01 2.811161327371e-01
-8.200000000000e+01 5.624454002499e-01
-8.300000000000e+01 6.126327195282e-01
-8.400000000000e+01 2.497485622775e-01
-8.500000000000e+01 6.672324535668e-01
-8.600000000000e+01 9.273189985131e-02
-8.700000000000e+01 -5.025662470151e-02
-8.800000000000e+01 2.478984187570e-01
-8.900000000000e+01 4.049075509704e-01
-9.000000000000e+01 1.297428040140e-01
-9.100000000000e+01 4.552154757231e-01
-9.200000000000e+01 -3.338988500879e-01
-9.300000000000e+01 -5.366149546871e-01
-9.400000000000e+01 -1.171059503865e+00
