4.000000000000e+01 9.482302086127e-01
3.900000000000e+01 1.772373131058e+00
3.800000000000e+01 1.796606652717e+00
3.700000000000e+01 9.744225316341e-01
3.600000000000e+01 -3.463959286233e-02
3.500000000000e+01 3.424944801882e-03
3.400000000000e+01 4.677582619634e-01
3.300000000000e+01 9.186568124327e-02
3.200000000000e+01 1.642285234254e-02
3.100000000000e+01 3.805211972730e-01
3.000000000000e+01 8.028833770631e-03
2.900000000000e+01 4.562316195702e-01
2.800000000000e+01 5.562981831610e-01
2.700000000000e+01 1.069931157386e-01
2.600000000000e+01 -5.526665911917e-01
2.500000000000e+01 -2.447080041767e-01
2.400000000000e+01 -1.260321944017e-01
2.300000000000e+01 6.640423899388e-01
2.200000000000e+01 4.728445659159e-01
2.100000000000e+01 7.566376091805e-01
2.000000000000e+01 -6.286704400165e-01
1.900000000000e+01 2.158207652558e-01
1.800000000000e+01 3.890618165751e-01
1.700000000000e+01 5.603863181208e-01
1.600000000000e+01 8.533156533233e-01
1.500000000000e+01 6.727951979717e-01
1.400000000000e+01 -6.319546808951e-01
1.300000000000e+01 8.675027267510e-01
1.200000000000e+01 5.142682739381e-01
1.100000000000e+01 1.869880002145e-01
1.000000000000e+01 4.898940357199e-01
9.000000000000e+00 2.275436814620e-01
8.000000000000e+00 4.214670915518e-01
7.000000000000e+00 3.297672580947e-01
6.000000000000e+00 6.456231996108e-02
5.000000000000e+00 3.589388827103e-02
4.000000000000e+00 1.114626746668e-01
3.000000000000e+00 6.452107850404e-01
2.000000000000e+00 -5.824899568660e-02
1.000000000000e+00 5.013344659508e-01
2.729259263035e-09 6.504778140992e-01
-1.000000000000e+00 4.734764934362e-01
-2.000000000000e+00 -1.041712314493e-01
-3.000000000000e+00 1.362491767748e-02
-4.000000000000e+00 1.618192215532e-01
-5.000000000000e+00 -2.666709835829e-02
-6.000000000000e+00 1.224113141028e-01
-7.000000000000e+00 4.352499901557e-01
-8.000000000000e+00 -2.255722763391e-01
-9.000000000000e+00 5.018403253498e-01
-1.000000000000e+01 5.057965633307e-01
-1.100000000000e+01 8.891848032814e-03
-1.200000000000e+01 3.547120453513e-02
-1.300000000000e+01 3.008675680014e-01
-1.400000000000e+01 1.085348791175e-01
-1.500000000000e+01 3.412628335919e-01
-1.600000000000e+01 1.095372366481e+00
-1.700000000000e+01 3.007696370885e-01
-1.800000000000e+01 2.486108669109e-01
-1.900000000000e+01 8.085647356704e-01
-2.000000000000e+01 2.596139344501e-01
-2.100000000000e+01 4.865952379558e-01
-2.200000000000e+01 4.512113251423e-01
-2.300000000000e+01 4.198684281458e-01
-2.400000000000e+01 6.658376781100e-01
-2.500000000000e+01 1.539935009666e+00
-2.600000000000e+01 1.713600301118e+00
-2.700000000000e+01 2.159925883841e+00
-2.800000000000e+01 3.387609780043e+00
-2.900000000000e+01 3.210680328280e+00
-3.000000000000e+01 1.886433317140e+00
-3.100000000000e+01 7.605240839745e-01
-3.200000000000e+01 7.694051268768e-01
-3.300000000000e+01 1.316464173857e+00
-3.400000000000e+01 1.395333928579e+00
-3.500000000000e+01 1.951914765563e+00
-3.600000000000e+01 2.138623148454e+00
-3.700000000000e+01 1.408984441923e+00
-3.800000000000e+01 1.573144361830e+00
-3.900000000000e+01 2.112058205786e+00
-4.000000000000e+01 2.441918084735e+00
-4.100000000000e+01 1.589173415325e+00
-4.200000000000e+01 1.093647512883e+00
-4.300000000000e+01 1.477824044802e+00
-4.400000000000e+01 1.624441483407e+00
-4.500000000000e+01 1.117186210290e+00
-4.600000000000e+01 5.990410440779e-01
-4.700000000000e+01 1.715868611773e-01
-4.800000000000e+01 1.394513249830e+00
-4.900000000000e+01 1.999198703355e+00
-5.000000000000e+01 2.703507696769e+00
-5.100000000000e+01 3.266895662982e+00
-5.200000000000e+01 1.193427913130e+00
-5.300000000000e+01 4.195953812578e+00
-5.400000000000e+01 7.667786008732e+00
-5.500000000000e+01 8.475630285383e+00
-5.600000000000e+01 9.996885240452e+00
-5.700000000000e+01 7.856184455180e+00
-5.800000000000e+01 5.525776629648e+00
-5.900000000000e+01 4.573713596146e+00
-6.000000000000e+01 2.988832173212e+00
-6.100000000000e+01 2.471277461129e+00
-6.200000000000e+01 1.775831139035e+00
-6.300000000000e+01 6.790145586186e-01
-6.400000000000e+01 2.837095471669e-01
-6.500000000000e+01 1.667324786225e+00
-6.600000000000e+01 -3.341503454611e-01
-6.700000000000e+01 7.780350100992e-01
-6.800000000000e+01 8.794000661833e-01
-6.900000000000e+01 9.665072480551e-01
-7.000000000000e+01 2.130786722301e+00
-7.100000000000e+01 2.229372420343e+00
-7.200000000000e+01 1.514453319003e+00
-7.300000000000e+01 1.343672060891e+00
-7.400000000000e+01 1.147071465616e+00
-7.500000000000e+01 1.443350044141e+00
-7.600000000000e+01 7.403742417089e-01
-7.700000000000e+01 8.675585128865e-01
-7.800000000000e+01 1.090992605530e+00
-7.900000000000e+01 1.958294526608e+00
-8.000000000000e+01 2.792536509591e+00
-8.100000000000e+01 3.179397856091e+00
-8.200000000000e+01 2.089312599237e+00
-8.300000000000e+01 6.550700994735e-01
-8.400000000000e+01 2.496102260892e-01
-8.500000000000e+01 3.785984371719e-01
-8.600000000000e+01 2.059778082453e-01
-8.700000000000e+01 6.758549515350e-01
-8.800000000000e+01 2.637816897751e-01
-8.900000000000e+01 2.864644911454e-01
-9.000000000000e+01 -5.395226696689e-01
-9.100000000000e+01 5.539595294855e-02
-9.200000000000e+01 1.243006765277e-02
-9.300000000000e+01 1.958682344009e-01
-9.400000000000e+01 7.610654810950e-02
-9.500000000000e+01 2.092994636765e-01
-9.600000000000e+01 -1.767702873268e-01
-9.700000000000e+01 1.098309149457e-01
-9.800000000000e+01 8.073601152518e-02
-9.900000000000e+01 6.022812786068e-01
-1.000000000000e+02 5.789334381424e-01
-1.010000000000e+02 7.532617545280e-01
-1.020000000000e+02 3.185412748955e-01
-1.030000000000e+02 6.235371389914e-01
-1.040000000000e+02 3.862983581919e-01
-1.050000000000e+02 6.574924628698e-01
-1.060000000000e+02 9.246340160857e-01
-1.070000000000e+02 5.602123679173e-01
-1.080000000000e+02 7.382067077314e-03
-1.090000000000e+02 -7.239155159515e-02
-1.100000000000e+02 2.170277126398e-02
-1.110000000000e+02 9.110184758882e-01
-1.120000000000e+02 4.003408698452e-01
-1.130000000000e+02 2.642541934596e-01
-1.140000000000e+02 1.066969807758e-01
-1.150000000000e+02 8.750061450762e-01
-1.160000000000e+02 9.942034773979e-01
-1.170000000000e+02 5.639836693659e-01
-1.180000000000e+02 7.894647591772e-01
-1.190000000000e+02 8.436531162432e-01
-1.200000000000e+02 8.299806912774e-01
-1.210000000000e+02 5.848603183067e-01
-1.220000000000e+02 1.084615606326e-01
-1.230000000000e+02 -1.400039128998e-01
-1.240000000000e+02 1.429251738723e-02
-1.250000000000e+02 3.281936801391e-01
-1.260000000000e+02 9.295879958132e-01
-1.270000000000e+02 1.161286676252e+00
-1.280000000000e+02 4.263325702985e-01
-1.290000000000e+02 7.912627328955e-01
