-5.000000000000e+00 -4.079177439844e-01
-6.000000000000e+00 -1.780980004026e-02
-7.000000000000e+00 -3.099085764264e-02
-8.000000000000e+00 -6.093664229863e-01
-9.000000000000e+00 3.562069871338e-01
-1.000000000000e+01 1.704477314845e-01
-1.100000000000e+01 -7.076471283380e-02
-1.200000000000e+01 -4.945052725112e-01
-1.300000000000e+01 3.759622676131e-01
-1.400000000000e+01 9.071843692608e-01
-1.500000000000e+01 3.521388106710e-01
-1.600000000000e+01 9.176655709305e-01
-1.700000000000e+01 4.847701341093e-01
-1.800000000000e+01 1.288922638125e-01
-1.900000000000e+01 5.723357815790e-01
-2.000000000000e+01 1.031422534342e+00
-2.100000000000e+01 -1.747645346681e-01
-2.200000000000e+01 6.012170085367e-01
-2.300000000000e+01 1.825679102828e-01
-2.400000000000e+01 -1.215713177250e-01
-2.500000000000e+01 4.519822907551e-01
-2.600000000000e+01 5.610163230336e-01
-2.700000000000e+01 5.156480347459e-01
-2.800000000000e+01 6.339410320027e-02
-2.900000000000e+01 1.323492738644e+00
-3.000000000000e+01 9.319791092080e-01
-3.100000000000e+01 2.158656871330e-01
-3.200000000000e+01 5.613365134785e-01
-3.300000000000e+01 7.713411621250e-01
-3.400000000000e+01 1.200636501119e-01
-3.500000000000e+01 2.705478338953e-01
-3.600000000000e+01 6.734639602105e-01
-3.700000000000e+01 5.769111602143e-01
-3.800000000000e+01 6.233545828304e-01
-3.900000000000e+01 9.326240066996e-01
-4.000000000000e+01 4.462667753469e-01
-4.100000000000e+01 4.741292949809e-01
-4.200000000000e+01 7.339429059542e-01
-4.300000000000e+01 8.143531270586e-01
-4.400000000000e+01 2.145586954937e-01
-4.500000000000e+01 8.432482089975e-01
-4.600000000000e+01 -5.485487321094e-01
-4.700000000000e+01 5.004492120025e-01
-4.800000000000e+01 3.372488258329e-01
-4.900000000000e+01 1.905259489909e+00
-5.000000000000e+01 1.721190389369e+00
-5.100000000000e+01 1.389425969315e+00
-5.200000000000e+01 1.476957467613e+00
-5.300000000000e+01 1.455543892377e+00
-5.400000000000e+01 2.137468119102e+00
-5.500000000000e+01 2.386760611412e+00
-5.600000000000e+01 2.694651495177e+00
-5.700000000000e+01 2.096027199165e+00
-5.800000000000e+01 2.038542089013e+00
-5.900000000000e+01 1.159084039429e+00
-6.000000000000e+01 7.081264984780e-01
-6.100000000000e+01 9.209009836819e-01
-6.200000000000e+01 3.540992905005e-01
-6.300000000000e+01 -2.837116223623e-01
-6.400000000000e+01 6.388244321980e-01
-6.500000000000e+01 3.796681698887e-01
-6.600000000000e+01 8.455318394770e-01
-6.700000000000e+01 3.515994734872e-01
-6.800000000000e+01 3.027700339121e-01
-6.900000000000e+01 -5.359258067051e-01
-7.000000000000e+01 2.318315539802e-01
-7.100000000000e+01 1.332716280342e-01
-7.200000000000e+01 -2.167087200099e-01
-7.300000000000e+01 3.598937777752e-02
-7.400000000000e+01 5.142539917109e-01
-7.500000000000e+01 8.463837682284e-01
-7.600000000000e+01 2.026290989798e-01
-7.700000000000e+01 5.705985378442e-01
-7.800000000000e+01 1.333625063344e+00
-7.900000000000e+01 8.257759791637e-01
-8.000000000000e+01 1.246105405867e+00
-8.100000000000e+01 8.300118802438e-01
-8.200000000000e+01 2.046515447546e-01
-8.300000000000e+01 5.838724642559e-01
-8.400000000000e+01 1.515785747045e-01
-8.500000000000e+01 1.146866753692e+00
-8.600000000000e+01 -4.992080544118e-02
-8.700000000000e+01 -3.873374360001e-02
-8.800000000000e+01 3.920996585163e-01
-8.900000000000e+01 5.116037230303e-01
-9.000000000000e+01 1.163288476884e-01
-9.100000000000e+01 -2.917287392897e-02
-9.200000000000e+01 6.070202314686e-01
-9.300000000000e+01 1.034630443124e-02
-9.400000000000e+01 -2.418047752791e-01
