4.000000000000e+01 2.867735426737e-01
3.900000000000e+01 2.374316976788e-01
3.800000000000e+01 -2.409761161821e-01
3.700000000000e+01 6.324523749343e-03
3.600000000000e+01 5.175559938209e-01
3.500000000000e+01 -1.671500323533e-01
3.400000000000e+01 3.349109656144e-01
3.300000000000e+01 4.474232085073e-01
3.200000000000e+01 4.771975324313e-01
3.100000000000e+01 8.706763871801e-02
3.000000000000e+01 -4.515910553850e-01
2.900000000000e+01 -1.352409274441e-01
2.800000000000e+01 6.093601363649e-01
2.700000000000e+01 5.332981820686e-01
2.600000000000e+01 1.443039771910e-01
2.500000000000e+01 3.746246821004e-01
2.400000000000e+01 1.293376831452e-01
2.300000000000e+01 4.985858009643e-02
2.200000000000e+01 6.239721976058e-01
2.100000000000e+01 -6.949831720480e-02
2.000000000000e+01 -1.931816803182e-01
1.900000000000e+01 -2.887973769984e-01
1.800000000000e+01 3.712615227609e-01
1.700000000000e+01 -1.865325558569e-01
1.600000000000e+01 9.764541479416e-01
1.500000000000e+01 -1.618976975091e-01
1.400000000000e+01 3.196424102017e-01
1.300000000000e+01 1.334300905661e-01
1.200000000000e+01 3.078473046610e-01
1.100000000000e+01 -3.520485701882e-01
1.000000000000e+01 -2.559542510488e-01
9.000000000000e+00 2.108211007117e-01
8.000000000000e+00 5.846508456405e-01
7.000000000000e+00 2.597005128234e-01
6.000000000000e+00 -3.217295608746e-02
5.000000000000e+00 -5.190306337835e-02
4.000000000000e+00 3.678127310932e-01
3.000000000000e+00 1.222235546945e-01
2.000000000000e+00 -1.435456458561e-01
1.000000000000e+00 6.237911062886e-01
-5.991056539756e-10 1.679817889846e-01
-1.000000000000e+00 -7.815758885633e-02
-2.000000000000e+00 -4.438099881209e-02
-3.000000000000e+00 1.713909077988e-01
-4.000000000000e+00 8.987024352642e-01
-5.000000000000e+00 5.709475979193e-01
-6.000000000000e+00 2.732255073623e-01
-7.000000000000e+00 1.124826713583e+00
-8.000000000000e+00 7.655504514008e-01
-9.000000000000e+00 1.753871848441e-01
-1.000000000000e+01 -1.814291925774e-01
-1.100000000000e+01 2.496211513827e-01
-1.200000000000e+01 3.937957035187e-01
-1.300000000000e+01 8.637871198851e-02
-1.400000000000e+01 6.317669367456e-01
-1.500000000000e+01 5.076630490150e-01
-1.600000000000e+01 2.664815800400e-01
-1.700000000000e+01 3.761227595641e-01
-1.800000000000e+01 4.361461083623e-01
-1.900000000000e+01 4.155064284269e-01
-2.000000000000e+01 3.843096801190e-01
-2.100000000000e+01 6.382527768974e-01
-2.200000000000e+01 5.083290036365e-01
-2.300000000000e+01 1.308958306496e-02
-2.400000000000e+01 6.160138842396e-01
-2.500000000000e+01 7.019477262118e-01
-2.600000000000e+01 4.288967183695e-01
-2.700000000000e+01 2.799859446951e-01
-2.800000000000e+01 5.587823370266e-02
-2.900000000000e+01 2.561575744227e-01
-3.000000000000e+01 5.801084870263e-01
-3.100000000000e+01 1.047425953070e+00
-3.200000000000e+01 4.653040687316e-01
-3.300000000000e+01 9.184336984084e-01
-3.400000000000e+01 2.178694195279e+00
-3.500000000000e+01 3.664107595911e+00
-3.600000000000e+01 1.833758998232e+00
-3.700000000000e+01 2.707994269248e+00
-3.800000000000e+01 1.641426225424e+00
-3.900000000000e+01 1.244515195830e+00
-4.000000000000e+01 1.622389115145e+00
-4.100000000000e+01 7.234451637563e-01
-4.200000000000e+01 1.550847241630e+00
-4.300000000000e+01 2.711036505720e-01
-4.400000000000e+01 1.337531679740e+00
-4.500000000000e+01 1.326835390170e+00
-4.600000000000e+01 2.217418074072e+00
-4.700000000000e+01 4.650787330276e+00
-4.800000000000e+01 4.923458729945e+00
-4.900000000000e+01 3.200792388358e+00
-5.000000000000e+01 2.939307756797e+00
-5.100000000000e+01 1.170784235297e+00
-5.200000000000e+01 2.361737172723e+00
-5.300000000000e+01 4.156964552914e+00
-5.400000000000e+01 6.132021287349e+00
-5.500000000000e+01 6.763381180618e+00
-5.600000000000e+01 9.425738728949e+00
-5.700000000000e+01 6.794831865706e+00
-5.800000000000e+01 4.393475794616e+00
-5.900000000000e+01 3.845514098668e+00
-6.000000000000e+01 2.772056772291e+00
-6.100000000000e+01 4.445104215037e+00
-6.200000000000e+01 2.386392935613e+00
-6.300000000000e+01 2.660360966204e+00
-6.400000000000e+01 3.816988950828e+00
-6.500000000000e+01 9.027040223683e-01
-6.600000000000e+01 1.350003360020e+00
-6.700000000000e+01 2.700716375836e-01
-6.800000000000e+01 1.294677429658e+00
-6.900000000000e+01 7.640540524039e-01
-7.000000000000e+01 1.096625784509e+00
-7.100000000000e+01 9.693136446727e-01
-7.200000000000e+01 1.499707468693e+00
-7.300000000000e+01 2.902865616394e+00
-7.400000000000e+01 3.524670333428e+00
-7.500000000000e+01 2.952113665608e+00
-7.600000000000e+01 8.744285083300e-01
-7.700000000000e+01 -3.109527430409e-01
-7.800000000000e+01 7.553353019898e-01
-7.900000000000e+01 -2.250680496306e-01
-8.000000000000e+01 3.135386196286e-01
-8.100000000000e+01 6.828824787242e-01
-8.200000000000e+01 -9.541820216396e-02
-8.300000000000e+01 -3.889182313632e-01
-8.400000000000e+01 1.671792834533e-01
-8.500000000000e+01 3.462636883216e-01
-8.600000000000e+01 3.257524873962e-01
-8.700000000000e+01 -1.780936211299e-01
-8.800000000000e+01 -4.575439975623e-01
-8.900000000000e+01 8.366467682542e-02
-9.000000000000e+01 -5.147923828498e-01
-9.100000000000e+01 -6.269887993116e-01
-9.200000000000e+01 1.361303928184e-01
-9.300000000000e+01 2.404122581231e-01
-9.400000000000e+01 2.202361554802e-01
-9.500000000000e+01 3.985334967125e-01
-9.600000000000e+01 7.174279515565e-01
-9.700000000000e+01 1.533095623355e-01
-9.800000000000e+01 -6.293865045036e-01
-9.900000000000e+01 5.174070069974e-01
-1.000000000000e+02 7.714812378153e-01
-1.010000000000e+02 1.973822878175e-01
-1.020000000000e+02 6.307534479279e-01
-1.030000000000e+02 5.584645650999e-01
-1.040000000000e+02 1.245873319674e-01
-1.050000000000e+02 1.329663454269e-01
-1.060000000000e+02 6.784719407950e-02
-1.070000000000e+02 -1.377708195320e-01
-1.080000000000e+02 2.608244447615e-01
-1.090000000000e+02 2.327229877383e-01
-1.100000000000e+02 3.074326661220e-03
-1.110000000000e+02 -4.188903397204e-01
-1.120000000000e+02 -2.939977785515e-02
-1.130000000000e+02 1.590134658047e-01
-1.140000000000e+02 6.521158757004e-01
-1.150000000000e+02 -6.759563767107e-02
-1.160000000000e+02 2.153222453347e-01
-1.170000000000e+02 -2.071336768305e-01
-1.180000000000e+02 5.885758946551e-01
-1.190000000000e+02 -1.796894464010e-01
-1.200000000000e+02 -1.333770815304e-01
-1.210000000000e+02 2.660623295318e-01
-1.220000000000e+02 2.731864448604e-01
-1.230000000000e+02 9.876088725925e-01
-1.240000000000e+02 6.579413764654e-01
-1.250000000000e+02 -2.329893604316e-01
-1.260000000000e+02 -2.099648384640e-01
-1.270000000000e+02 3.566243531814e-02
-1.280000000000e+02 1.053993084425e-02
-1.290000000000e+02 -2.151290995736e-01
