-5.000000000000e+00 4.186540726194e-01
-6.000000000000e+00 1.475421975596e-01
-7.000000000000e+00 4.643765479356e-02
-8.000000000000e+00 2.058632299928e-01
-9.000000000000e+00 -1.629921952417e-01
-1.000000000000e+01 6.022490520428e-01
-1.100000000000e+01 1.684162830238e-01
-1.200000000000e+01 1.004609041247e-01
-1.300000000000e+01 7.537509513286e-01
-1.400000000000e+01 5.147255493505e-01
-1.500000000000e+01 -4.521836686333e-02
-1.600000000000e+01 3.399675149269e-01
-1.700000000000e+01 9.728915676637e-03
-1.800000000000e+01 6.799618853238e-01
-1.900000000000e+01 6.503241275684e-01
-2.000000000000e+01 7.613781489565e-01
-2.100000000000e+01 5.763324248353e-01
-2.200000000000e+01 4.967034537679e-01
-2.300000000000e+01 1.343692812845e+00
-2.400000000000e+01 6.389051206784e-01
-2.500000000000e+01 1.615804153895e+00
-2.600000000000e+01 2.243633895629e+00
-2.700000000000e+01 2.180387554735e+00
-2.800000000000e+01 1.223357113770e+00
-2.900000000000e+01 1.397788518540e+00
-3.000000000000e+01 1.313769959862e+00
-3.100000000000e+01 9.348544145204e-01
-3.200000000000e+01 1.243219175261e+00
-3.300000000000e+01 1.092727957175e+00
-3.400000000000e+01 1.355878848580e+00
-3.500000000000e+01 1.731924764879e+00
-3.600000000000e+01 1.026721606384e+00
-3.700000000000e+01 1.069976125040e+00
-3.800000000000e+01 1.183233454638e+00
-3.900000000000e+01 9.034786195731e-01
-4.000000000000e+01 1.271789611188e+00
-4.100000000000e+01 9.136237616565e-01
-4.200000000000e+01 9.295932448369e-01
-4.300000000000e+01 1.185945002618e+00
-4.400000000000e+01 1.346917178233e+00
-4.500000000000e+01 1.914007537200e+00
-4.600000000000e+01 1.737898642116e+00
-4.700000000000e+01 1.247096006500e+00
-4.800000000000e+01 1.872759732506e+00
-4.900000000000e+01 2.644930301409e+00
-5.000000000000e+01 4.240981646748e+00
-5.100000000000e+01 5.109103758294e+00
-5.200000000000e+01 5.117474364161e+00
-5.300000000000e+01 7.704244018276e+00
-5.400000000000e+01 1.345266665459e+01
-5.500000000000e+01 1.622492459877e+01
-5.600000000000e+01 1.601627224511e+01
-5.700000000000e+01 1.242498887141e+01
-5.800000000000e+01 1.042507080766e+01
-5.900000000000e+01 7.157490086056e+00
-6.000000000000e+01 4.523955781283e+00
-6.100000000000e+01 2.480532100241e+00
-6.200000000000e+01 1.131647514688e+00
-6.300000000000e+01 1.137819496793e-01
-6.400000000000e+01 1.454346229966e-01
-6.500000000000e+01 -2.476113093683e-01
-6.600000000000e+01 5.025434198656e-01
-6.700000000000e+01 6.533741155063e-01
-6.800000000000e+01 1.177675226835e+00
-6.900000000000e+01 9.713420871519e-01
-7.000000000000e+01 8.709814256467e-01
-7.100000000000e+01 7.851296149284e-01
-7.200000000000e+01 7.374429671556e-01
-7.300000000000e+01 1.668942950364e+00
-7.400000000000e+01 6.507413639164e-01
-7.500000000000e+01 1.844741054417e+00
-7.600000000000e+01 1.396032170800e+00
-7.700000000000e+01 1.300988709255e+00
-7.800000000000e+01 1.858220669315e+00
-7.900000000000e+01 1.251758604377e+00
-8.000000000000e+01 1.151594903331e+00
-8.100000000000e+01 1.629086014877e+00
-8.200000000000e+01 1.604899368221e+00
-8.300000000000e+01 3.225664826062e-01
-8.400000000000e+01 8.510099281161e-01
-8.500000000000e+01 1.019194628487e+00
-8.600000000000e+01 1.086723440288e+00
-8.700000000000e+01 1.047674488238e+00
-8.800000000000e+01 1.153619805771e+00
-8.900000000000e+01 5.724241604895e-01
-9.000000000000e+01 5.705132106917e-01
-9.100000000000e+01 4.126300549993e-01
-9.200000000000e+01 6.013576945786e-01
-9.300000000000e+01 4.919371266372e-01
-9.400000000000e+01 -2.789174212374e-02
